all={0, 0, 0, 0, 0, 0, 0, 0,0,0,0,0,0,0,0,0,0,0,0,0,0,0,0,0}
BL_23_calib_vb58_tune86_pcbc={-0.235530,-0.241646,-0.329265,-0.226903,-0.512335,-0.176359,-0.000111,-0.195533}
BL_26_calib_vb58_tune86_pcbb={-0.201866,-0.201439,-0.303643,-0.214516,-0.577434,-0.127335,-0.051670,-0.176076}
BL_28_calib_vb58_tune86_pcba={-0.206063,-0.162588,-0.294149,-0.097991,-0.484808,-0.122322,0.017613,-0.254684}
BL_30_calib_vb58_tune86_pcbd={-0.063500,-0.087159,-0.256303,-0.109620,-0.495001,-0.161586,0.036819,-0.190159}
BL_32_calib_vb58_tune8650_pcbd={-0.119449,-0.116639,-0.292066,-0.134938,-0.545277,-0.136257,0.026953,-0.213409}
BL_11_dc_vb58_pcbb={-0.393021,-0.233078,-0.320993,-0.259714,-0.711793,-0.065836,0.030559,-0.336308}
BL_16_dc_vb58_pcbc={-0.438351,-0.323381,-0.378309,-0.219091,-0.728363,-0.131841,0.044592,-0.392605}
BL_20_dc_vb58_pcba={-0.378560,-0.153979,-0.273803,-0.094225,-0.615104,-0.038122,0.119915,-0.393744}
BL_33_dc_vb58_pcbd={-0.202992,-0.192661,-0.370243,-0.210795,-0.645612,-0.132688,-0.070431,-0.297507}
BL_101_calib_vb60_tune8680_lv65_pcbb={-0.625872,-0.581507,-0.606910,-0.787396,-1.172074,-0.379324,-0.471695,-0.540173}
BL_105_calib_vb60_tune8680_lv65_guide={-0.605708,-0.565459,-0.568191,-0.766258,-1.167390,-0.349417,-0.411857,-0.521690}
BL_106_calib_vb60_tune8680_lv65_singlePower={-0.640751,-0.620981,-0.626229,-0.763690,-1.176515,-0.363622,-0.458536,-0.546858}
BL_107_calib_vb58_tune86_lv65_singlePower={-0.183360,-0.201964,-0.254538,-0.204320,-0.560558,-0.120971,0.024743,-0.129768}
BL_110_calib_vb58_tune86_lv65_singlePower_WC16={-0.027033,-0.207732,-0.239141,-0.197669,-0.159019,-0.277667,-0.222204,-0.069688}
BL_1000_calib_vb58={0.008018,-0.196577,-0.267446,-0.179781,-0.262221,-0.292392,-0.246784,-0.153250}
BL_501_calib_vb58_pcbb_tune8650_mb2={-0.200987,-0.174954,-0.242988,-0.307958,-0.560334,-0.175821,0.001996,-0.143110}
BL_502_calib_vb60_pcbb_tune8650_mb2={-0.622876,-0.579025,-0.583795,-0.777433,-1.118536,-0.420814,-0.417308,-0.476131}
BL_503_calib_vb58_pcbb_tune8650_mb2_hv1_lv2={-0.214970,-0.185305,-0.238193,-0.286866,-0.553270,-0.118896,-0.026172,-0.118889}
BL_504_calib_vb60_pcbb_tune8650_mb2_hv1_lv2_={-0.674725,-0.618590,-0.604873,-0.828913,-1.186046,-0.399149,-0.483737,-0.508765}
BL_505_calib_vb60_pcbb_tune8650_mb1_hv1_lv1_={-0.681207,-0.605674,-0.606214,-0.807494,-1.203903,-0.371776,-0.478344,-0.520799}
BL_506_calib_vb58_pcbb_tune8650_mb1_hv1_lv1={-0.216120,-0.158378,-0.234768,-0.260785,-0.600022,-0.100328,-0.028625,-0.113972}
BL_507_calib_vb58_pcbb_tune8650_mb2_hv2_lv1_={-0.218938,-0.190724,-0.257932,-0.252437,-0.617148,-0.112724,-0.028293,-0.113922}
BL_508_calib_vb60_pcbb_tune8650_mb1_hv1_lv1={-0.679849,-0.618527,-0.604213,-0.794276,-1.240829,-0.399244,-0.488151,-0.473157}
BL_509_calib_vb60_pcbb_tune8650_mb2_hv2_lv2={-0.677695,-0.626802,-0.620217,-0.803900,-1.208775,-0.381539,-0.472010,-0.499418}
BL_510_calib_vb58_pcbb_tune8650_mb2_hv2_lv2={-0.220154,-0.176984,-0.273129,-0.261577,-0.595736,-0.097400,-0.012266,-0.127075}

