BL_24_pos7_angle0_e14_ch32={-0.216570,-0.173025,-0.324779,-0.203108,-0.679278,-0.107037,-0.005696,-0.244458}
BL_2_calib_vb58_tune8650_pcbd={-0.312896,-0.031178,-0.263236,-0.153505,-0.604511,-0.188905,0.157628,-0.231857}
BL_24_pos7_angle0_e14_ch32={-0.216570,-0.173025,-0.324779,-0.203108,-0.679278,-0.107037,-0.005696,-0.244458}
BL_2_calib_vb58_tune8650_pcbd={-0.312896,-0.031178,-0.263236,-0.153505,-0.604511,-0.188905,0.157628,-0.231857}
BL_24_pos7_angle0_e14_ch32={-0.216570,-0.173025,-0.324779,-0.203108,-0.679278,-0.107037,-0.005696,-0.244458}
BL_2_calib_vb58_tune8650_pcbd={-0.312896,-0.031178,-0.263236,-0.153505,-0.604511,-0.188905,0.157628,-0.231857}
BL_1_calib_vb58_tune86_pcbd={-0.236542,0.037613,-0.179715,-0.170299,-0.543030,-0.178732,0.216059,-0.175795}
BL_24_pos7_angle0_e14_ch32={-0.216570,-0.173025,-0.324779,-0.203108,-0.679278,-0.107037,-0.005696,-0.244458}
BL_2_calib_vb58_tune8650_pcbd={-0.312896,-0.031178,-0.263236,-0.153505,-0.604511,-0.188905,0.157628,-0.231857}
BL_3_calib_vb58_tune85_pcbd={-0.346530,-0.661983,-0.306978,-0.068605,-0.613623,-0.101671,0.062748,-0.163695}
BL_4_calib_vb58_tune8680_pcbd={-0.103207,-0.062882,-0.238670,-0.267191,-0.491754,-0.217356,0.063046,-0.123854}
BL_5_calib_vb58_tune8720_pcbd={-0.143799,-0.086480,-0.285366,-0.256388,-0.545812,-0.195715,0.031888,-0.149032}
BL_6_calib_vb58_tune8750_pcbd={-0.154487,-0.088081,-0.287044,-0.251590,-0.566398,-0.200825,0.025861,-0.165375}
BL_7_calib_vb58_tune8700_pcbd={-0.148575,-0.091444,-0.280397,-0.226548,-0.564448,-0.192458,0.042736,-0.141477}
BL_1_calib_vb58_tune86_pcbd={-0.236542,0.037613,-0.179715,-0.170299,-0.543030,-0.178732,0.216059,-0.175795}
BL_2_calib_vb58_tune8650_pcbd={-0.312896,-0.031178,-0.263236,-0.153505,-0.604511,-0.188905,0.157628,-0.231857}
BL_4_calib_vb58_tune8680_pcbd={-0.103207,-0.062882,-0.238670,-0.267191,-0.491754,-0.217356,0.063046,-0.123854}
BL_5_calib_vb58_tune8720_pcbd={-0.143799,-0.086480,-0.285366,-0.256388,-0.545812,-0.195715,0.031888,-0.149032}
BL_6_calib_vb58_tune8750_pcbd={-0.154487,-0.088081,-0.287044,-0.251590,-0.566398,-0.200825,0.025861,-0.165375}
BL_33_dc_vb58_pcbd={-0.202992,-0.192661,-0.370243,-0.210795,-0.645612,-0.132688,-0.070431,-0.297507}
BL_7_calib_vb58_tune8700_pcbd={-0.148575,-0.091444,-0.280397,-0.226548,-0.564448,-0.192458,0.042736,-0.141477}
