all={0, 0, 0, 0, 0, 0, 0, 0,-0.235530,-0.241646,-0.329265,-0.226903,-0.512335,-0.176359,-0.000111,-0.195533,-0.206063,-0.162588,-0.294149,-0.097991,-0.484808,-0.122322,0.017613,-0.254684,-0.201866,-0.201439,-0.303643,-0.214516,-0.577434,-0.127335,-0.051670,-0.176076}
20_dc_vb58_pcba={-0.378560,-0.153979,-0.273803,-0.094225,-0.615104,-0.038122,0.119915,-0.393744,0}
BL_30_calib_vb58_tune86_pcbd={-0.063500,-0.087159,-0.256303,-0.109620,-0.495001,-0.161586,0.036819,-0.190159}
BL_32_calib_vb58_tune8650_pcbd={-0.119449,-0.116639,-0.292066,-0.134938,-0.545277,-0.136257,0.026953,-0.213409}