all={0, 0, 0, 0, 0, 0, 0, 0,0,0,0,0,0,0,0,0,0,0,0,0,0,0,0,0}
BL_23_calib_vb58_tune86_pcbc={-0.235530,-0.241646,-0.329265,-0.226903,-0.512335,-0.176359,-0.000111,-0.195533}
BL_26_calib_vb58_tune86_pcbb={-0.201866,-0.201439,-0.303643,-0.214516,-0.577434,-0.127335,-0.051670,-0.176076}
BL_28_calib_vb58_tune86_pcba={-0.206063,-0.162588,-0.294149,-0.097991,-0.484808,-0.122322,0.017613,-0.254684}
BL_30_calib_vb58_tune86_pcbd={-0.063500,-0.087159,-0.256303,-0.109620,-0.495001,-0.161586,0.036819,-0.190159}
BL_32_calib_vb58_tune8650_pcbd={-0.119449,-0.116639,-0.292066,-0.134938,-0.545277,-0.136257,0.026953,-0.213409}
BL_11_dc_vb58_pcbb={-0.393021,-0.233078,-0.320993,-0.259714,-0.711793,-0.065836,0.030559,-0.336308}
BL_16_dc_vb58_pcbc={-0.438351,-0.323381,-0.378309,-0.219091,-0.728363,-0.131841,0.044592,-0.392605}
BL_20_dc_vb58_pcba={-0.378560,-0.153979,-0.273803,-0.094225,-0.615104,-0.038122,0.119915,-0.393744}
BL_33_dc_vb58_pcbd={-0.202992,-0.192661,-0.370243,-0.210795,-0.645612,-0.132688,-0.070431,-0.297507}
BL_101_calib_vb60_tune8680_lv65_pcbb={-0.625872,-0.581507,-0.606910,-0.787396,-1.172074,-0.379324,-0.471695,-0.540173}
BL_105_calib_vb60_tune8680_lv65_guide={-0.605708,-0.565459,-0.568191,-0.766258,-1.167390,-0.349417,-0.411857,-0.521690}
BL_106_calib_vb60_tune8680_lv65_singlePower={-0.640751,-0.620981,-0.626229,-0.763690,-1.176515,-0.363622,-0.458536,-0.546858}
BL_107_calib_vb58_tune86_lv65_singlePower={-0.183360,-0.201964,-0.254538,-0.204320,-0.560558,-0.120971,0.024743,-0.129768}
BL_110_calib_vb58_tune86_lv65_singlePower_WC16={-0.027033,-0.207732,-0.239141,-0.197669,-0.159019,-0.277667,-0.222204,-0.069688}
BL_1000_calib_vb58={0.008018,-0.196577,-0.267446,-0.179781,-0.262221,-0.292392,-0.246784,-0.153250}

