21_muon6_pos4_WC = { 0.107475,-0.171831,-0.138822,-0.213123,-0.343419,-0.143683,-0.265143,-0.009881,0};
calib_vb58_tune90_3SiPMs_sn2_mask1 = { 0.104151,-0.160760,-0.115956,-0.166594,-0.211045,-0.172726,-0.232705,0.020575,0};
calib_vb58_tune90_3SiPMs_sn2_mask2 = { 0.151135,-0.137076,-0.114620,-0.150257,-0.165736,-0.141806,-0.202450,0.025726,0};
calib_vb58_tune90_4SiPMs_sn2 = { -0.065993,-0.208805,-0.201210,-0.249330,-0.417946,-0.312938,-0.426560,-0.203532,0};
calib_vb58_tune90_5SiPMs_sn2 = { 0.021935,-0.230550,-0.212250,-0.280809,-0.487433,-0.396667,-0.508485,-0.270602,0};
