all={0, 0, 0, 0, 0, 0, 0, 0,0,0,0,0,0,0,0,0,0,0,0,0,0,0,0,0}
26_calib_vb58_tune86_pcbb_constBL_PFoff={-0.201866,-0.201439,-0.303643,-0.214516,-0.577434,-0.127335,-0.051670,-0.176076}
BL_26_calib_vb58_tune86_pcbb_dynBL_pfOn={-0.201866,-0.201439,-0.303643,-0.214516,-0.577434,-0.127335,-0.051670,-0.176076}
