all={1, 1, 1, 1, 1, 1, 1, 1,40.779373,40.721085,39.238091,39.276901,37.687843,38.194168,39.266766,39.636520,52.222801,47.744469,48.196999,45.070412,49.308285,51.974182,51.041050,51.823090,56.630558,52.191883,51.312592,54.740753,54.945782,54.924023,54.227688,52.584534}




21_muon6_pos4_WC = { 30.055243,28.497368,30.564289,29.727369,30.466000,31.852346,31.572271,31.850904,0};
calib_vb58_tune90_3SiPMs_sn2 = { 734.232117,231.587570,719.433167,440.614136,146.872482,128.137466,108.272270,2950.187744,0};
calib_vb58_tune90_3SiPMs_sn2_mask1 = { 40.000114,30.505566,32.028233,32.723454,34.072384,32.545746,33.311069,34.500942,0};
calib_vb58_tune90_3SiPMs_sn2_mask2 = { 39.562408,38.911961,42.352848,391.520081,39.385075,47.389072,40.300911,38.900864,0};
calib_vb58_tune90_4SiPMs_sn2 = { 35.000000,35.000000,67.725410,39.108749,85.774155,96.887657,35.000000,1654.665527,0};
calib_vb58_tune90_5SiPMs_sn2 = { 48.341568,35.000000,35.000000,35.000000,35.010452,35.000000,35.000000,35.000000,0};
