CF_1_calib_vb58_tune86_pcbd={0.000000/0.000000,0.000000/0.000000,0.000000/0.000000,0.000000/0.000000,0.000000/0.000000,0.000000/0.000000,0.000000/0.000000,0.000000/0.000000,-nan/-nan,}
CF_2_calib_vb58_tune8650_pcbd={1.000000/0.048386,1.000000/0.083121,1.000000/0.020898,1.000000/0.007867,1.000000/0.038593,1.000000/0.005736,1.000000/0.058906,1.000000/0.021018,-nan/-nan,}
CF_4_calib_vb58_tune8680_pcbd={1.036740/0.103660,1.010411/0.095403,0.988637/0.023536,1.012749/0.037401,1.023842/0.086044,1.021796/0.044318,1.010204/0.081926,0.996168/0.032468,-nan/-nan,}
CF_5_calib_vb58_tune8720_pcbd={1.043207/0.110967,1.015670/0.105139,0.989131/0.025867,1.016724/0.045423,1.034964/0.102033,1.022182/0.044282,1.005732/0.084793,0.994496/0.034777,-nan/-nan,}
CF_6_calib_vb58_tune8750_pcbd={1.038991/0.113634,1.025985/0.112445,0.988706/0.031801,1.001857/0.033002,1.039129/0.110704,1.024652/0.057965,1.002048/0.082155,0.988507/0.035660,-nan/-nan,}
CF_1_calib_vb58_tune86_pcbd={1.007212/0.042220,0.999615/0.073310,1.001642/0.016683,1.007769/0.005952,1.005188/0.035167,1.005754/0.014539,1.007668/0.053457,1.004061/0.018076,-nan/-nan,}
CF_2_calib_vb58_tune8650_pcbd={1.000000/0.048386,1.000000/0.083121,1.000000/0.020898,1.000000/0.007867,1.000000/0.038593,1.000000/0.005736,1.000000/0.058906,1.000000/0.021018,-nan/-nan,}
CF_4_calib_vb58_tune8680_pcbd={1.036740/0.103660,1.010411/0.095403,0.988637/0.023536,1.012749/0.037401,1.023842/0.086044,1.021796/0.044318,1.010204/0.081926,0.996168/0.032468,-nan/-nan,}
CF_5_calib_vb58_tune8720_pcbd={1.043207/0.110967,1.015670/0.105139,0.989131/0.025867,1.016724/0.045423,1.034964/0.102033,1.022182/0.044282,1.005732/0.084793,0.994496/0.034777,-nan/-nan,}
CF_6_calib_vb58_tune8750_pcbd={1.038991/0.113634,1.025985/0.112445,0.988706/0.031801,1.001857/0.033002,1.039129/0.110704,1.024652/0.057965,1.002048/0.082155,0.988507/0.035660,-nan/-nan,}
